# filename: match_astrom_342.1914_-0.90194_run4198.dat 
# nominal center (used for x,y conversion): 342.191375, -0.901944
# source of interest
#   master_objid: 8647475119823389164
#    master_pos: 342.191518, -0.902013
#   fiducal master location (delta ra, delta dec): 0.318662, -0.248112
# converted source location (delta ra, delta dec): 0.263502, -0.155628
# source location (ra, dec): 342.191493, -0.901988
# source error (raerr, decerr): 0.026420, 0.024358
# observation time (day): 736.900364
# t0 (day): 52197.262300
master_objid,objid,master_ra,master_dec,master_dra,master_ddec,master_raerr,master_decerr,master_radeccov,ra,dec,dra,ddec,raerr,decerr,radeccov,master_rmag,rmag
8647475119823388796,8658188314445217861,342.138708,-0.930045,-117.567942,-101.163060,0.000251,0.000253,0.0,342.138699,-0.930029,-117.588926,-101.103336,0.001380,0.001474,0.0,15.926816,15.920065
8647475119823389048,8658188314445217917,342.136560,-0.899614,-122.364013,8.391024,0.000864,0.000890,0.0,342.136553,-0.899602,-122.380643,8.432532,0.004910,0.005044,0.0,18.264708,18.265059
8647475119823389044,8658188314445218212,342.135934,-0.909542,-123.761237,-27.351360,0.011261,0.011538,0.0,342.135859,-0.909519,-123.929062,-27.266940,0.070868,0.068805,0.0,21.258400,21.353174
8647475119823389051,8658188314445218216,342.137850,-0.914012,-119.485116,-43.441884,0.005518,0.006192,0.0,342.137841,-0.914065,-119.505385,-43.634160,0.027447,0.050549,0.0,20.668533,20.024902
8647475119823389052,8658188314445218216,342.137821,-0.914474,-119.550143,-45.106704,0.011585,0.014411,0.0,342.137841,-0.914065,-119.505385,-43.634160,0.027447,0.050549,0.0,20.858196,20.024902
8647475119823390318,8658188314445218424,342.137340,-0.878172,-120.623816,85.581216,0.034712,0.032807,0.0,342.137396,-0.878132,-120.498472,85.723452,0.162775,0.165428,0.0,22.068499,22.022560
8647475119823389699,8658188314445218430,342.141283,-0.889081,-111.819994,46.306908,0.023303,0.024246,0.0,342.141348,-0.889110,-111.676211,46.202580,0.120270,0.157373,0.0,22.356037,22.125202
8647475119823390316,8658188314445218528,342.136651,-0.925843,-122.161721,-86.035968,0.139448,0.171449,0.0,342.136528,-0.925740,-122.434866,-85.663404,0.158335,0.132736,0.0,22.217806,23.311113
8647475119823390326,8658188314445218536,342.141255,-0.921078,-111.882945,-68.879592,0.041999,0.052525,0.0,342.141233,-0.921152,-111.932502,-69.146100,0.133170,0.132156,0.0,22.490438,22.714611
8647475119823388907,8658188314445283356,342.201065,-0.917738,21.631828,-56.856492,0.000387,0.000381,0.0,342.201077,-0.917733,21.657344,-56.840580,0.001992,0.002027,0.0,16.713697,16.714066
8647475119823388920,8658188314445283362,342.211889,-0.873036,45.794447,104.068692,0.000390,0.000410,0.0,342.211900,-0.873044,45.818266,104.039856,0.002078,0.002148,0.0,16.839767,16.837065
8647475119823454261,8658188314445283380,342.229538,-0.888547,85.191745,48.231720,0.000314,0.000319,0.0,342.229533,-0.888557,85.180405,48.196332,0.001557,0.001622,0.0,16.280910,16.283066
8647475119823388816,8658188314445283420,342.156602,-0.897706,-77.623103,15.256548,0.000532,0.000537,0.0,342.156615,-0.897707,-77.594909,15.252840,0.002874,0.003061,0.0,17.384005,17.385063
8647475119823388817,8658188314445283421,342.154787,-0.899720,-81.676284,8.007156,0.001199,0.001237,0.0,342.154801,-0.899721,-81.644496,8.003376,0.006633,0.007046,0.0,18.716097,18.660051
8647475119823389078,8658188314445283423,342.157192,-0.879016,-76.307760,82.542672,0.000886,0.000913,0.0,342.157203,-0.879019,-76.283317,82.531188,0.005006,0.005207,0.0,18.307749,18.307058
8647475119823455561,8658188314445284074,342.234773,-0.905804,96.878126,-13.895820,0.029272,0.027043,0.0,342.234755,-0.905741,96.838480,-13.667472,0.155154,0.111214,0.0,22.460764,22.940319
8647475119823389827,8658188314445284134,342.146308,-0.890752,-100.603246,40.292496,0.042424,0.041265,0.0,342.146038,-0.891183,-101.206505,38.741724,0.251164,0.378532,0.0,22.326439,21.810667
8647475119823390375,8658188314445284135,342.148584,-0.911278,-95.523226,-33.600528,0.054813,0.058181,0.0,342.148595,-0.911234,-95.498448,-33.443604,0.214059,0.284950,0.0,22.458662,21.884029
8647475119823390718,8658188314445284138,342.215123,-0.936130,53.012126,-123.068160,0.068593,0.062907,0.0,342.215195,-0.936214,53.173008,-123.369804,0.523147,0.273482,0.0,22.496225,22.028488
8647475119823455598,8658188314445284139,342.243799,-0.936704,117.026072,-125.135316,0.612471,0.178158,0.0,342.243782,-0.936664,116.988190,-124.990812,0.318053,0.142452,0.0,22.443411,22.309998
8647475119823454927,8658188314445283895,342.236413,-0.917749,100.538799,-56.896128,0.008370,0.007614,0.0,342.236424,-0.917745,100.564002,-56.881584,0.041319,0.036196,0.0,20.430117,20.461699
8647475119823454495,8658188314445283896,342.237473,-0.913958,102.905091,-43.249464,0.045486,0.063971,0.0,342.237444,-0.913799,102.839751,-42.677892,0.113609,0.289580,0.0,21.305361,21.467730
8647475119823454928,8658188314445283900,342.238652,-0.918361,105.536358,-59.100300,0.028265,0.032913,0.0,342.238619,-0.918349,105.464232,-59.054832,0.185134,0.115798,0.0,22.194576,21.768993
8647475119823455591,8658188314445283904,342.243302,-0.877452,115.916146,88.172316,0.075969,0.035113,0.0,342.243393,-0.877528,116.119866,87.898500,0.245176,0.202794,0.0,21.811790,21.713390
8647475119823390397,8658188314445284027,342.151612,-0.908932,-88.763484,-25.153920,0.076397,0.047986,0.0,342.151599,-0.908921,-88.792772,-25.114680,0.134121,0.104110,0.0,22.080051,22.628098
8647475119823391187,8658188314445284062,342.210434,-0.902678,42.545501,-2.640024,0.098235,0.088164,0.0,342.210823,-0.902686,43.414538,-2.671164,0.314527,0.197999,0.0,22.179966,21.942455
8647475119823454903,8658188314445283877,342.223065,-0.882021,70.741254,71.724600,0.017693,0.019948,0.0,342.223045,-0.882022,70.696295,71.720892,0.111876,0.101550,0.0,22.014532,22.059107
8647475119823454255,8658188314445283880,342.225167,-0.921473,75.435039,-70.303284,0.065517,0.049155,0.0,342.225167,-0.921426,75.433901,-70.132788,0.084698,0.088777,0.0,21.047516,21.212605
8647475119823455236,8658188314445283881,342.225672,-0.881071,76.561685,75.145716,0.022648,0.022230,0.0,342.225705,-0.881064,76.635128,75.169980,0.102513,0.157567,0.0,22.355366,22.221666
8647475119823454496,8658188314445283886,342.230494,-0.922836,87.325185,-75.210516,0.036738,0.045388,0.0,342.230628,-0.922838,87.625029,-75.215880,0.267733,0.119563,0.0,21.727983,21.809675
8647475119823455333,8658188314445283891,342.234934,-0.902101,97.237483,-0.562140,0.031986,0.034675,0.0,342.234925,-0.902117,97.216812,-0.622908,0.115561,0.116900,0.0,21.676191,21.616989
8647475119823454487,8658188314445283893,342.235660,-0.913171,98.858117,-40.415400,0.012655,0.012844,0.0,342.235631,-0.913169,98.792866,-40.410360,0.067462,0.066560,0.0,21.544643,21.419926
8647475119823389615,8658188314445283861,342.209827,-0.885420,41.191293,59.486580,0.011168,0.011447,0.0,342.209836,-0.885422,41.210424,59.481720,0.054469,0.060363,0.0,21.113783,21.119835
8647475119823389614,8658188314445283862,342.210557,-0.884530,42.820834,62.690940,0.012456,0.012035,0.0,342.210579,-0.884515,42.868404,62.744652,0.093021,0.053787,0.0,21.697924,21.664705
8647475119823389639,8658188314445283864,342.213116,-0.881621,48.532083,73.162476,0.020247,0.029909,0.0,342.213080,-0.881672,48.452792,72.981396,0.132578,0.167176,0.0,20.989605,20.927202
8647475119823389741,8658188314445283868,342.215949,-0.894045,54.856771,28.436292,0.022269,0.021447,0.0,342.216008,-0.893963,54.987585,28.731816,0.103928,0.077269,0.0,22.210829,22.202986
8647475119823389649,8658188314445283869,342.216487,-0.911474,56.058758,-34.307028,0.015578,0.016259,0.0,342.216488,-0.911454,56.059204,-34.235856,0.107006,0.077478,0.0,21.855459,21.669674
8647475119823390730,8658188314445283871,342.217289,-0.872128,57.848020,107.338140,0.021083,0.021451,0.0,342.217272,-0.872135,57.810406,107.313912,0.115538,0.145438,0.0,22.228994,22.350143
8647475119823389573,8658188314445283834,342.190891,-0.923383,-1.080482,-77.178816,0.008915,0.009021,0.0,342.190883,-0.923383,-1.099211,-77.177520,0.054552,0.051140,0.0,21.295944,21.191660
8647475119823389577,8658188314445283836,342.191705,-0.895875,0.736974,21.848688,0.018574,0.025443,0.0,342.191743,-0.895868,0.821579,21.874104,0.088978,0.124695,0.0,21.482681,21.440842
8647475119823389863,8658188314445283842,342.197259,-0.914839,13.134658,-46.421676,0.105090,0.081553,0.0,342.197184,-0.914851,12.967168,-46.463400,0.158785,0.102862,0.0,22.234463,22.600111
8647475119823390641,8658188314445283844,342.197833,-0.898166,14.417230,13.600800,0.048892,0.046782,0.0,342.197819,-0.898238,14.384974,13.342464,0.348080,0.331241,0.0,22.244347,21.088903
8647475119823389864,8658188314445283846,342.199086,-0.915104,17.213308,-47.375064,0.071579,0.046924,0.0,342.199112,-0.915044,17.270902,-47.158524,0.176566,0.142417,0.0,22.419052,22.123230
8647475119823389599,8658188314445283849,342.202491,-0.902525,24.814899,-2.089188,0.010139,0.010319,0.0,342.202502,-0.902525,24.838941,-2.091780,0.059128,0.059128,0.0,21.362541,21.250500
8647475119823389859,8658188314445283822,342.181575,-0.905599,-21.877539,-13.157748,0.027814,0.022672,0.0,342.181619,-0.905573,-21.779094,-13.064328,0.192171,0.146083,0.0,21.643896,21.921667
8647475119823389559,8658188314445283826,342.181895,-0.892273,-21.162999,34.817832,0.016179,0.016443,0.0,342.181931,-0.892271,-21.082814,34.824600,0.087018,0.074840,0.0,21.950565,21.784872
8647475119823390582,8658188314445283828,342.185115,-0.871323,-13.975144,110.236500,0.071888,0.232683,0.0,342.185197,-0.871328,-13.790331,110.219508,0.400773,0.194046,0.0,22.048412,21.212605
8647475119823389154,8658188314445283829,342.186265,-0.878776,-11.407543,83.407716,0.043528,0.029167,0.0,342.186233,-0.878760,-11.479245,83.463948,0.098733,0.148998,0.0,21.491707,21.139790
8647475119823389568,8658188314445283831,342.187787,-0.913518,-8.008429,-41.665104,0.020017,0.019879,0.0,342.187802,-0.913475,-7.976753,-41.509440,0.081592,0.087460,0.0,21.653057,21.605055
8647475119823390597,8658188314445283833,342.190237,-0.893187,-2.539363,31.527828,0.026897,0.025384,0.0,342.190286,-0.893227,-2.430225,31.381524,0.153628,0.153069,0.0,22.040510,22.140970
8647475119823389716,8658188314445283805,342.168948,-0.881403,-50.064139,73.949832,0.024887,0.022459,0.0,342.168943,-0.881462,-50.075814,73.735236,0.097726,0.114968,0.0,22.355494,22.186262
8647475119823389526,8658188314445283806,342.169954,-0.923074,-47.818057,-76.068144,0.017046,0.016946,0.0,342.169915,-0.923060,-47.905898,-76.014756,0.092016,0.091932,0.0,21.925104,21.676630
8647475119823389532,8658188314445283810,342.173950,-0.928780,-38.897685,-96.607692,0.012934,0.012541,0.0,342.174014,-0.928754,-38.754974,-96.513336,0.077547,0.075349,0.0,21.653091,21.517504
8647475119823389544,8658188314445283813,342.176010,-0.918391,-34.299956,-59.209380,0.035264,0.019947,0.0,342.176077,-0.918370,-34.149364,-59.133852,0.116019,0.083272,0.0,21.079842,21.196648
8647475119823389543,8658188314445283816,342.177554,-0.917081,-30.851865,-54.491256,0.022092,0.024907,0.0,342.177502,-0.917091,-30.968280,-54.527904,0.086981,0.098427,0.0,21.278994,21.424906
8647475119823389728,8658188314445283821,342.181042,-0.898578,-23.067180,12.120300,0.032036,0.039361,0.0,342.181071,-0.898564,-23.000814,12.168972,0.123619,0.156210,0.0,21.044983,21.008064
8647475119823389497,8658188314445283786,342.158845,-0.924182,-72.617844,-80.055684,0.013761,0.014059,0.0,342.158843,-0.924162,-72.620902,-79.983864,0.088256,0.090555,0.0,21.716702,21.494610
8647475119823389708,8658188314445283793,342.160375,-0.892350,-69.200760,34.538868,0.018778,0.020625,0.0,342.160428,-0.892341,-69.082648,34.572960,0.106411,0.149623,0.0,22.199903,22.051207
8647475119823390462,8658188314445283794,342.160355,-0.885131,-69.247214,60.526872,0.035459,0.034375,0.0,342.160369,-0.885132,-69.214600,60.523056,0.229485,0.215238,0.0,22.349888,22.318815
8647475119823389515,8658188314445283798,342.164846,-0.882127,-59.219885,71.340876,0.018690,0.019359,0.0,342.164794,-0.882116,-59.336858,71.382348,0.171895,0.119990,0.0,22.157944,22.348186
8647475119823389844,8658188314445283801,342.166905,-0.918973,-54.624589,-61.302276,0.029569,0.024191,0.0,342.166883,-0.919013,-54.673008,-61.447572,0.144113,0.183263,0.0,22.248913,21.658743
8647475119823390486,8658188314445283802,342.166936,-0.910862,-54.556169,-32.103108,0.027094,0.028704,0.0,342.166948,-0.910855,-54.529135,-32.077764,0.108406,0.210272,0.0,22.404890,21.739210
8647475119823454938,8658188314445283703,342.242700,-0.912209,114.573189,-36.954000,0.023648,0.020432,0.0,342.242708,-0.912211,114.590199,-36.958608,0.077775,0.099351,0.0,21.086662,21.117840
8647475119823454488,8658188314445283705,342.243486,-0.890032,116.326935,42.885900,0.006476,0.007201,0.0,342.243502,-0.890053,116.362607,42.807780,0.030406,0.037346,0.0,20.145653,19.963919
8647475119823454494,8658188314445283706,342.244638,-0.890864,118.900519,39.890484,0.014091,0.014082,0.0,342.244608,-0.890870,118.833237,39.867840,0.062402,0.061214,0.0,21.306271,20.567621
8647475119823389065,8658188314445283777,342.148244,-0.902584,-96.282412,-2.302992,0.018451,0.018925,0.0,342.148230,-0.902550,-96.313084,-2.181204,0.099809,0.180070,0.0,22.044973,21.812651
8647475119823390410,8658188314445283778,342.153445,-0.869000,-84.672131,118.599192,0.033230,0.042994,0.0,342.153498,-0.868942,-84.552658,118.808172,0.098495,0.277385,0.0,21.755211,21.762045
8647475119823390424,8658188314445283781,342.155513,-0.914064,-80.054378,-43.632216,0.028444,0.028932,0.0,342.155511,-0.914123,-80.059713,-43.843968,0.130839,0.133478,0.0,22.135719,22.177404
8647475119823454492,8658188314445283689,342.228604,-0.930077,83.106702,-101.276712,0.012676,0.012671,0.0,342.228609,-0.930085,83.117819,-101.305368,0.076609,0.073937,0.0,21.661190,21.683586
8647475119823454560,8658188314445283691,342.231570,-0.936608,89.726546,-124.787376,0.005523,0.005547,0.0,342.231571,-0.936595,89.730430,-124.743528,0.029380,0.035449,0.0,20.674482,20.590601
8647475119823454918,8658188314445283695,342.233343,-0.931602,93.685501,-106.766712,0.396127,0.792254,0.0,342.233328,-0.931527,93.651681,-106.495956,0.070705,0.094225,0.0,20.594191,20.604589
8647475119823454566,8658188314445283697,342.234721,-0.883391,96.762604,66.792024,0.009310,0.009980,0.0,342.234741,-0.883390,96.806960,66.795552,0.045405,0.060827,0.0,21.323975,21.200638
8647475119823454925,8658188314445283698,342.235103,-0.928962,97.614431,-97.262604,0.792254,0.396127,0.0,342.235112,-0.929009,97.635236,-97.432200,0.094644,0.084260,0.0,20.989014,20.906235
8647475119823455337,8658188314445283700,342.237369,-0.932578,102.673154,-110.279916,0.033878,0.022818,0.0,342.237363,-0.932603,102.660251,-110.369160,0.911191,0.138241,0.0,21.088404,21.154753
8647475119823389636,8658188314445283677,342.212006,-0.914286,46.055627,-44.429472,0.014543,0.013460,0.0,342.212004,-0.914280,46.049868,-44.408520,0.070062,0.063801,0.0,21.544907,21.466734
8647475119823389215,8658188314445283678,342.214366,-0.889730,51.322647,43.970112,0.011857,0.012636,0.0,342.214389,-0.889744,51.374437,43.922196,0.058994,0.071748,0.0,21.542830,21.524471
8647475119823454519,8658188314445283683,342.224215,-0.869237,73.309815,117.745704,0.008341,0.007942,0.0,342.224203,-0.869259,73.282246,117.667224,0.040747,0.045956,0.0,21.217442,21.107862
8647475119823454521,8658188314445283684,342.222731,-0.868018,69.997158,122.134932,0.160660,0.084430,0.0,342.222765,-0.868022,70.072365,122.121468,0.165529,0.114391,0.0,22.109262,22.181341
8647475119823454520,8658188314445283685,342.223419,-0.869437,71.532138,117.025128,0.031466,0.031394,0.0,342.223318,-0.869463,71.305581,116.934480,0.192999,0.197589,0.0,21.108788,22.071939
8647475119823454531,8658188314445283687,342.224510,-0.914987,73.968234,-46.953684,0.008040,0.008463,0.0,342.224527,-0.914997,74.004978,-46.989036,0.041673,0.051859,0.0,21.115379,20.874283
8647475119823389603,8658188314445283660,342.204328,-0.924617,28.915047,-81.621180,0.037242,0.045880,0.0,342.204323,-0.924582,28.904712,-81.493956,0.142371,0.187773,0.0,22.209759,22.382408
8647475119823389601,8658188314445283661,342.204423,-0.923157,29.127898,-76.365324,0.009474,0.010011,0.0,342.204398,-0.923171,29.071354,-76.414176,0.065113,0.067337,0.0,21.362061,21.356163
8647475119823389610,8658188314445283667,342.208945,-0.880659,39.221437,76.629240,0.028916,0.023285,0.0,342.208924,-0.880641,39.175005,76.692204,0.148941,0.147793,0.0,21.190914,21.098881
8647475119823389618,8658188314445283670,342.210036,-0.907648,41.656729,-20.533212,0.007403,0.007395,0.0,342.210071,-0.907654,41.735128,-20.554308,0.043693,0.042385,0.0,21.099886,20.953159
8647475119823389620,8658188314445283671,342.210512,-0.910106,42.720648,-29.380644,0.027540,0.026522,0.0,342.210487,-0.910086,42.662898,-29.311092,0.152511,0.156059,0.0,21.152260,21.290380
8647475119823389621,8658188314445283673,342.209343,-0.909386,40.109115,-26.788788,0.019365,0.020196,0.0,342.209358,-0.909344,40.143849,-26.637768,0.144040,0.096127,0.0,22.195902,22.253103
8647475119823389565,8658188314445283636,342.183637,-0.914966,-17.273380,-46.879056,0.008979,0.010328,0.0,342.183665,-0.914948,-17.211210,-46.813428,0.037822,0.047929,0.0,20.136536,20.240822
8647475119823389165,8658188314445283644,342.189802,-0.901549,-3.511421,1.422252,0.191700,0.144521,0.0,342.189679,-0.901310,-3.785169,2.283948,0.395799,0.269388,0.0,21.542471,22.079834
8647475119823389173,8658188314445283648,342.194813,-0.888265,7.674833,49.244688,0.006734,0.007008,0.0,342.194840,-0.888246,7.735619,49.313124,0.041013,0.044076,0.0,20.986675,20.951164
8647475119823388908,8658188314445283657,342.201877,-0.915185,23.442900,-47.666736,0.012619,0.015157,0.0,342.201884,-0.915191,23.460357,-47.686176,0.068518,0.135048,0.0,21.137270,21.267450
8647475119823389602,8658188314445283659,342.203133,-0.923368,26.247640,-77.125932,0.027780,0.029326,0.0,342.203201,-0.923382,26.398722,-77.175504,0.125185,0.119318,0.0,22.141586,22.321754
8647475119823389847,8658188314445283619,342.167842,-0.905494,-52.531978,-12.780288,0.035707,0.048477,0.0,342.167835,-0.905633,-52.549368,-13.278672,0.217889,0.763620,0.0,21.668196,21.502573
8647475119823389108,8658188314445283624,342.171765,-0.913156,-43.775882,-40.360896,0.014343,0.013873,0.0,342.171780,-0.913141,-43.740991,-40.306104,0.079813,0.086096,0.0,21.767469,21.800747
8647475119823389114,8658188314445283627,342.174181,-0.898642,-38.381397,11.888388,0.013463,0.011281,0.0,342.174192,-0.898632,-38.357891,11.924352,0.052754,0.052887,0.0,20.928848,20.883270
8647475119823389542,8658188314445283630,342.175880,-0.915391,-34.589129,-48.406680,0.009209,0.009084,0.0,342.175911,-0.915387,-34.520664,-48.394584,0.047673,0.048018,0.0,19.864016,19.760963
8647475119823389115,8658188314445283631,342.176523,-0.899565,-33.154759,8.567388,0.017304,0.020488,0.0,342.176523,-0.899597,-33.154759,8.449668,0.069206,0.070329,0.0,21.115498,21.072937
8647475119823390554,8658188314445283635,342.180920,-0.916351,-23.338785,-51.865272,0.064862,0.074217,0.0,342.180950,-0.916133,-23.271972,-51.078204,0.185674,1.162814,0.0,21.145630,21.153755
8647475119823389830,8658188314445283608,342.152829,-0.928132,-86.046407,-94.276116,0.023020,0.022680,0.0,342.152884,-0.928133,-85.923541,-94.277196,0.169478,0.117695,0.0,21.816366,21.439846
8647475119823389476,8658188314445283610,342.153295,-0.917471,-85.006441,-55.896480,0.022664,0.019159,0.0,342.153353,-0.917451,-84.876945,-55.822464,0.133938,0.099926,0.0,21.046814,20.956156
8647475119823389836,8658188314445283611,342.156071,-0.904512,-78.808861,-9.242100,0.054100,0.033987,0.0,342.156145,-0.904505,-78.643112,-9.216396,0.150724,0.157423,0.0,21.738188,21.648802
8647475119823389093,8658188314445283614,342.158593,-0.931736,-73.179359,-107.251164,0.007627,0.007600,0.0,342.158591,-0.931718,-73.182908,-107.185104,0.043114,0.041451,0.0,21.038857,20.881273
8647475119823389504,8658188314445283615,342.160306,-0.872187,-69.355749,107.125704,0.019744,0.014820,0.0,342.160276,-0.872204,-69.423611,107.067240,0.081149,0.058317,0.0,21.257332,21.305334
8647475119823389509,8658188314445283616,342.160590,-0.902476,-68.721104,-1.915020,0.013823,0.014406,0.0,342.160622,-0.902491,-68.649156,-1.969308,0.067804,0.065111,0.0,21.185062,21.144777
8647475119823389162,8658188314445283560,342.193996,-0.933113,5.850702,-112.205340,0.018145,0.019896,0.0,342.194067,-0.933104,6.008794,-112.175640,0.112744,0.074055,0.0,20.350046,20.347769
8647475119823389161,8658188314445283561,342.191501,-0.933810,0.280490,-114.715260,0.015922,0.047212,0.0,342.191528,-0.933789,0.341499,-114.641892,0.061458,0.107262,0.0,19.946115,19.888937
8647475119823389160,8658188314445283562,342.196871,-0.933005,12.268433,-111.819312,0.008591,0.009595,0.0,342.196896,-0.932995,12.325446,-111.782844,0.034801,0.039978,0.0,19.446014,19.440010
8647475119823454253,8658188314445283574,342.224628,-0.918779,74.230374,-60.604128,0.005185,0.005381,0.0,342.224622,-0.918770,74.217895,-60.571872,0.026974,0.031237,0.0,20.578218,20.530649
8647475119823454254,8658188314445283575,342.223876,-0.920263,72.552459,-65.947680,0.019403,0.022262,0.0,342.223873,-0.920266,72.545316,-65.956248,0.095118,0.102740,0.0,21.664267,21.622955
8647475119823389464,8658188314445283603,342.143731,-0.911555,-106.356106,-34.596864,0.015874,0.016628,0.0,342.143741,-0.911555,-106.334229,-34.599384,0.091478,0.081701,0.0,21.888283,21.555319
8647475119823454907,8658188314445283537,342.224525,-0.926883,74.001897,-89.778744,0.005001,0.005067,0.0,342.224541,-0.926888,74.037190,-89.797032,0.029825,0.030893,0.0,20.606199,20.606586
8647475119823389066,8658188314445283546,342.148066,-0.900376,-96.679986,5.646348,0.010371,0.010442,0.0,342.148080,-0.900389,-96.647953,5.598324,0.053663,0.053546,0.0,21.446457,21.151760
8647475119823389073,8658188314445283548,342.149935,-0.924621,-92.506462,-81.636660,0.006048,0.006221,0.0,342.149952,-0.924618,-92.469004,-81.626436,0.029989,0.029007,0.0,20.106478,20.098877
8647475119823389717,8658188314445283551,342.169743,-0.879268,-48.289543,81.636192,0.042675,0.043864,0.0,342.169544,-0.879293,-48.734442,81.543456,0.153296,0.120880,0.0,21.756639,22.289412
8647475119823389717,8658188314445283552,342.169743,-0.879268,-48.289543,81.636192,0.042675,0.043864,0.0,342.169783,-0.879613,-48.200585,80.393040,0.235907,0.271263,0.0,21.756639,22.905569
8647475119823389136,8658188314445283557,342.184319,-0.910165,-15.750075,-29.594016,0.014047,0.014940,0.0,342.184291,-0.910167,-15.813205,-29.601900,0.090692,0.133175,0.0,21.852242,21.679611
8647475119823454563,8658188314445283503,342.231735,-0.892094,90.095703,35.460000,0.001601,0.001629,0.0,342.231735,-0.892100,90.096596,35.440920,0.008379,0.008358,0.0,19.144026,19.122034
8647475119823454568,8658188314445283505,342.234884,-0.876557,97.126336,91.394064,0.001960,0.002008,0.0,342.234879,-0.876566,97.115331,91.362528,0.010641,0.011376,0.0,19.445742,19.441010
8647475119823454489,8658188314445283506,342.240171,-0.903723,108.927078,-6.401880,0.003190,0.003310,0.0,342.240161,-0.903720,108.905447,-6.390900,0.016783,0.018521,0.0,19.994904,20.008905
8647475119823454576,8658188314445283507,342.242992,-0.883469,115.225961,66.511584,0.003829,0.004450,0.0,342.242992,-0.883472,115.224532,66.498840,0.017688,0.020574,0.0,19.520704,19.578993
8647475119823454575,8658188314445283508,342.243698,-0.880890,116.801814,75.794436,0.003297,0.003420,0.0,342.243697,-0.880894,116.798823,75.780180,0.017365,0.018124,0.0,20.130583,20.092880
8647475119823389153,8658188314445283534,342.188077,-0.876874,-7.361439,90.251820,0.006405,0.006367,0.0,342.188107,-0.876883,-7.294113,90.219636,0.034785,0.035455,0.0,20.709280,20.772417
8647475119823389102,8658188314445283478,342.166042,-0.898021,-56.552120,14.124636,0.001489,0.001521,0.0,342.166052,-0.898011,-56.529306,14.159448,0.008172,0.008394,0.0,19.064444,19.055038
8647475119823389156,8658188314445283488,342.189448,-0.929526,-4.301212,-99.293652,0.004365,0.003487,0.0,342.189479,-0.929509,-4.233127,-99.232056,0.020129,0.016989,0.0,18.753565,18.749050
8647475119823389169,8658188314445283490,342.191997,-0.909970,1.387982,-28.891224,0.002082,0.002140,0.0,342.192011,-0.909968,1.418811,-28.885860,0.010912,0.011501,0.0,19.510780,19.490004
8647475119823389170,8658188314445283491,342.191829,-0.907857,1.014048,-21.286008,0.027770,0.018032,0.0,342.191875,-0.907838,1.115306,-21.215664,0.115300,0.091120,0.0,21.438457,21.436857
8647475119823389191,8658188314445283493,342.201179,-0.882369,21.885285,70.469892,0.005322,0.004767,0.0,342.201191,-0.882378,21.912407,70.437780,0.025136,0.019235,0.0,18.631357,18.554054
8647475119823389210,8658188314445283494,342.210227,-0.929754,42.083390,-100.113588,0.002184,0.002214,0.0,342.210249,-0.929741,42.132680,-100.068840,0.012121,0.012450,0.0,19.574711,19.556995
8647475119823389079,8658188314445283424,342.156552,-0.877097,-77.735746,89.450892,0.047705,0.044465,0.0,342.156588,-0.877144,-77.654356,89.280144,0.094941,0.159965,0.0,21.799023,21.611023
8647475119823388828,8658188314445283427,342.162130,-0.907514,-65.284197,-20.049192,0.000708,0.000715,0.0,342.162147,-0.907508,-65.246136,-20.029896,0.003825,0.003931,0.0,17.870827,17.865063
8647475119823389111,8658188314445283428,342.173300,-0.875965,-40.348864,93.526920,0.000626,0.000647,0.0,342.173311,-0.875968,-40.325135,93.514392,0.003365,0.003458,0.0,17.728060,17.725063
8647475119823389190,8658188314445283445,342.201239,-0.888541,22.020540,48.252204,0.000488,0.000518,0.0,342.201249,-0.888542,22.040765,48.248604,0.002582,0.002661,0.0,17.239491,17.246063
8647475119823389192,8658188314445283446,342.198670,-0.887807,16.284222,50.893164,0.010691,0.011262,0.0,342.198686,-0.887810,16.319827,50.884164,0.052713,0.071668,0.0,21.089314,21.155750
8647475119823389092,8658188314445283475,342.161750,-0.931510,-66.132072,-106.437132,0.001530,0.001559,0.0,342.161764,-0.931495,-66.101132,-106.383636,0.008906,0.009251,0.0,19.095104,19.124033
